              precision    recall  f1-score   support

 8 Ball Pool     0.5049    0.5365    0.5202       192
 AccuWeather     0.4382    0.4621    0.4499       898
      Amazon     0.3230    0.6912    0.4403       272
     Booking     0.5570    0.4612    0.5046       477
      Comics     0.4192    0.5303    0.4682       396
     Diretta     0.7882    0.7486    0.7679       537
     Dropbox     0.7661    0.7198    0.7422       182
    Duolingo     0.4199    0.5388    0.4720       399
    Facebook     0.5198    0.5603    0.5393      1244
   Flipboard     0.1829    0.2204    0.1999       776
  FourSquare     0.4892    0.3266    0.3917       346
Google Drive     0.3333    0.1296    0.1867        54
     Groupon     0.4898    0.2474    0.3288        97
    Hangouts     0.3000    0.0583    0.0976       103
   Instagram     0.6824    0.4265    0.5249       136
    Linkedin     0.6790    0.3107    0.4264       177
   Messenger     0.6813    0.7278    0.7038      1216
  Musixmatch     0.4194    0.4101    0.4147       495
    OneDrive     0.6129    0.5429    0.5758       175
 OneFootball     0.3191    0.5126    0.3934       716
   Pinterest     0.2273    0.0248    0.0446       202
   Playstore     0.6218    0.7365    0.6743       759
      Reddit     0.5903    0.3935    0.4722       216
       Skype     0.5531    0.6556    0.6000       270
  Slither.io     0.7611    0.6466    0.6992       133
  SoundCloud     0.7349    0.3609    0.4841       169
     Spotify     0.4367    0.5978    0.5047       271
      Subito     0.4431    0.5162    0.4768       618
    Telegram     0.5935    0.7526    0.6636        97
      Trello     0.7455    0.4767    0.5816        86
 TripAdvisor     0.2626    0.1193    0.1640       218
      Tumblr     0.3048    0.1905    0.2344       168
     Twitter     0.4747    0.3866    0.4261       194
        Uber     0.3333    0.0164    0.0312        61
       Viber     0.0000    0.0000    0.0000       162
        Waze     0.9242    0.9242    0.9242       712
        Wish     0.5352    0.5820    0.5576       366
     Youtube     0.6438    0.4724    0.5449       199
        eBay     0.5674    0.3604    0.4408       444
     ilMeteo     0.6260    0.2429    0.3500       317

    accuracy                         0.5133     14550
   macro avg     0.5076    0.4404    0.4506     14550
weighted avg     0.5200    0.5133    0.5039     14550
