              precision    recall  f1-score   support

 8 Ball Pool     0.1147    0.4844    0.1854       192
 AccuWeather     0.2247    0.4432    0.2982       898
      Amazon     0.0000    0.0000    0.0000       272
     Booking     0.2418    0.2306    0.2361       477
      Comics     0.1779    0.3737    0.2410       396
     Diretta     0.7944    0.3669    0.5019       537
     Dropbox     0.9362    0.4835    0.6377       182
    Duolingo     0.0000    0.0000    0.0000       399
    Facebook     0.2720    0.3601    0.3099      1244
   Flipboard     0.1039    0.1637    0.1271       776
  FourSquare     0.0000    0.0000    0.0000       346
Google Drive     0.0000    0.0000    0.0000        54
     Groupon     0.0000    0.0000    0.0000        97
    Hangouts     0.0000    0.0000    0.0000       103
   Instagram     0.0000    0.0000    0.0000       136
    Linkedin     0.0000    0.0000    0.0000       177
   Messenger     0.5425    0.7039    0.6127      1216
  Musixmatch     0.2751    0.1717    0.2114       495
    OneDrive     0.3191    0.5543    0.4050       175
 OneFootball     0.1447    0.1885    0.1637       716
   Pinterest     0.0000    0.0000    0.0000       202
   Playstore     0.3224    0.5955    0.4183       759
      Reddit     0.0000    0.0000    0.0000       216
       Skype     0.2619    0.0407    0.0705       270
  Slither.io     0.7016    0.6541    0.6770       133
  SoundCloud     0.0000    0.0000    0.0000       169
     Spotify     0.1456    0.0554    0.0802       271
      Subito     0.2282    0.3689    0.2820       618
    Telegram     0.0000    0.0000    0.0000        97
      Trello     0.3727    0.4767    0.4184        86
 TripAdvisor     0.0000    0.0000    0.0000       218
      Tumblr     0.0000    0.0000    0.0000       168
     Twitter     0.0000    0.0000    0.0000       194
        Uber     0.0000    0.0000    0.0000        61
       Viber     0.0000    0.0000    0.0000       162
        Waze     0.7612    0.9087    0.8284       712
        Wish     0.2673    0.4973    0.3477       366
     Youtube     0.0000    0.0000    0.0000       199
        eBay     0.5862    0.0383    0.0719       444
     ilMeteo     0.0000    0.0000    0.0000       317

    accuracy                         0.3067     14550
   macro avg     0.1948    0.2040    0.1781     14550
weighted avg     0.2682    0.3067    0.2630     14550
