              precision    recall  f1-score   support

 8 Ball Pool     0.2517    0.3854    0.3045       192
 AccuWeather     0.2869    0.3552    0.3174       898
      Amazon     0.3308    0.4816    0.3922       272
     Booking     0.3048    0.2767    0.2901       477
      Comics     0.2605    0.3131    0.2844       396
     Diretta     0.5691    0.7058    0.6301       537
     Dropbox     0.5200    0.5000    0.5098       182
    Duolingo     0.3656    0.3033    0.3315       399
    Facebook     0.3010    0.5008    0.3760      1244
   Flipboard     0.1067    0.1198    0.1129       776
  FourSquare     0.1333    0.0058    0.0111       346
Google Drive     0.0000    0.0000    0.0000        54
     Groupon     0.0000    0.0000    0.0000        97
    Hangouts     0.0000    0.0000    0.0000       103
   Instagram     0.4048    0.1250    0.1910       136
    Linkedin     0.0000    0.0000    0.0000       177
   Messenger     0.5412    0.6702    0.5988      1216
  Musixmatch     0.3103    0.1273    0.1805       495
    OneDrive     0.5843    0.5543    0.5689       175
 OneFootball     0.2460    0.4553    0.3195       716
   Pinterest     0.0000    0.0000    0.0000       202
   Playstore     0.3505    0.5823    0.4376       759
      Reddit     0.2588    0.1019    0.1462       216
       Skype     0.4701    0.4074    0.4365       270
  Slither.io     0.8902    0.5489    0.6791       133
  SoundCloud     0.4231    0.0651    0.1128       169
     Spotify     0.5083    0.3395    0.4071       271
      Subito     0.3381    0.4223    0.3755       618
    Telegram     0.4646    0.4742    0.4694        97
      Trello     0.6957    0.1860    0.2936        86
 TripAdvisor     0.4286    0.0138    0.0267       218
      Tumblr     0.0000    0.0000    0.0000       168
     Twitter     0.0000    0.0000    0.0000       194
        Uber     0.0000    0.0000    0.0000        61
       Viber     0.0000    0.0000    0.0000       162
        Waze     0.8623    0.8975    0.8796       712
        Wish     0.4028    0.4699    0.4338       366
     Youtube     0.5576    0.4623    0.5055       199
        eBay     0.3889    0.2680    0.3173       444
     ilMeteo     0.4407    0.0820    0.1383       317

    accuracy                         0.3801     14550
   macro avg     0.3249    0.2800    0.2769     14550
weighted avg     0.3579    0.3801    0.3489     14550
