              precision    recall  f1-score   support

 8 Ball Pool     0.0000    0.0000    0.0000       192
 AccuWeather     0.2081    0.5011    0.2941       898
      Amazon     0.0000    0.0000    0.0000       272
     Booking     0.2385    0.4361    0.3084       477
      Comics     0.1328    0.4419    0.2042       396
     Diretta     0.6887    0.5233    0.5947       537
     Dropbox     0.0000    0.0000    0.0000       182
    Duolingo     0.0000    0.0000    0.0000       399
    Facebook     0.3875    0.5466    0.4535      1244
   Flipboard     0.1343    0.1005    0.1150       776
  FourSquare     0.0000    0.0000    0.0000       346
Google Drive     0.0000    0.0000    0.0000        54
     Groupon     0.0000    0.0000    0.0000        97
    Hangouts     0.0000    0.0000    0.0000       103
   Instagram     0.0000    0.0000    0.0000       136
    Linkedin     0.0000    0.0000    0.0000       177
   Messenger     0.5582    0.7023    0.6220      1216
  Musixmatch     0.0000    0.0000    0.0000       495
    OneDrive     0.0000    0.0000    0.0000       175
 OneFootball     0.1767    0.2165    0.1946       716
   Pinterest     0.0000    0.0000    0.0000       202
   Playstore     0.3441    0.5494    0.4231       759
      Reddit     0.0000    0.0000    0.0000       216
       Skype     0.2360    0.5481    0.3300       270
  Slither.io     0.9867    0.5564    0.7115       133
  SoundCloud     0.0000    0.0000    0.0000       169
     Spotify     0.3448    0.0738    0.1216       271
      Subito     0.2021    0.3350    0.2521       618
    Telegram     0.0000    0.0000    0.0000        97
      Trello     0.0000    0.0000    0.0000        86
 TripAdvisor     0.0000    0.0000    0.0000       218
      Tumblr     0.0000    0.0000    0.0000       168
     Twitter     0.0000    0.0000    0.0000       194
        Uber     0.0000    0.0000    0.0000        61
       Viber     0.0000    0.0000    0.0000       162
        Waze     0.6375    0.9213    0.7536       712
        Wish     0.3833    0.4754    0.4244       366
     Youtube     0.4737    0.1357    0.2109       199
        eBay     0.1182    0.0788    0.0946       444
     ilMeteo     0.0000    0.0000    0.0000       317

    accuracy                         0.3188     14550
   macro avg     0.1563    0.1786    0.1527     14550
weighted avg     0.2426    0.3188    0.2632     14550
