              precision    recall  f1-score   support

 8 Ball Pool     0.4440    0.5365    0.4858       192
 AccuWeather     0.4477    0.5768    0.5041       898
      Amazon     0.6259    0.6213    0.6236       272
     Booking     0.4709    0.5262    0.4970       477
      Comics     0.6829    0.4949    0.5739       396
     Diretta     0.7500    0.7542    0.7521       537
     Dropbox     0.8258    0.7033    0.7596       182
    Duolingo     0.4915    0.7243    0.5856       399
    Facebook     0.5568    0.6624    0.6050      1244
   Flipboard     0.2545    0.2371    0.2455       776
  FourSquare     0.4545    0.3757    0.4114       346
Google Drive     0.3500    0.1296    0.1892        54
     Groupon     0.3867    0.2990    0.3372        97
    Hangouts     0.5000    0.2524    0.3355       103
   Instagram     0.6562    0.1544    0.2500       136
    Linkedin     0.6133    0.2599    0.3651       177
   Messenger     0.7482    0.7648    0.7564      1216
  Musixmatch     0.4283    0.4949    0.4592       495
    OneDrive     0.7205    0.6629    0.6905       175
 OneFootball     0.3994    0.5461    0.4614       716
   Pinterest     0.3261    0.0743    0.1210       202
   Playstore     0.7013    0.8103    0.7518       759
      Reddit     0.6000    0.5139    0.5536       216
       Skype     0.7509    0.7370    0.7439       270
  Slither.io     0.9556    0.6466    0.7713       133
  SoundCloud     0.5120    0.3787    0.4354       169
     Spotify     0.7537    0.5646    0.6456       271
      Subito     0.5356    0.4871    0.5102       618
    Telegram     0.7000    0.7938    0.7440        97
      Trello     0.6667    0.5814    0.6211        86
 TripAdvisor     0.3542    0.0780    0.1278       218
      Tumblr     0.6125    0.2917    0.3952       168
     Twitter     0.5765    0.5825    0.5795       194
        Uber     0.0000    0.0000    0.0000        61
       Viber     0.3846    0.0309    0.0571       162
        Waze     0.9413    0.9452    0.9432       712
        Wish     0.4688    0.6776    0.5542       366
     Youtube     0.6369    0.5729    0.6032       199
        eBay     0.4857    0.6509    0.5563       444
     ilMeteo     0.5787    0.3596    0.4436       317

    accuracy                         0.5705     14550
   macro avg     0.5587    0.4888    0.5012     14550
weighted avg     0.5715    0.5705    0.5582     14550
