              precision    recall  f1-score   support

 8 Ball Pool     0.5280    0.5885    0.5567       192
 AccuWeather     0.5104    0.5200    0.5152       898
      Amazon     0.5277    0.7353    0.6144       272
     Booking     0.8185    0.5388    0.6498       477
      Comics     0.5855    0.6313    0.6075       396
     Diretta     0.8669    0.8007    0.8325       537
     Dropbox     0.7463    0.8407    0.7907       182
    Duolingo     0.5204    0.7343    0.6091       399
    Facebook     0.6440    0.6399    0.6419      1244
   Flipboard     0.2266    0.2655    0.2445       776
  FourSquare     0.5248    0.4277    0.4713       346
Google Drive     0.3056    0.2037    0.2444        54
     Groupon     0.5686    0.2990    0.3919        97
    Hangouts     0.4588    0.3786    0.4149       103
   Instagram     0.7826    0.5294    0.6316       136
    Linkedin     0.7170    0.4294    0.5371       177
   Messenger     0.7585    0.7747    0.7665      1216
  Musixmatch     0.5181    0.5495    0.5333       495
    OneDrive     0.6502    0.7543    0.6984       175
 OneFootball     0.3955    0.5950    0.4752       716
   Pinterest     0.4932    0.1782    0.2618       202
   Playstore     0.7016    0.8458    0.7670       759
      Reddit     0.5654    0.5602    0.5628       216
       Skype     0.7815    0.7815    0.7815       270
  Slither.io     0.8276    0.7218    0.7711       133
  SoundCloud     0.5738    0.4142    0.4811       169
     Spotify     0.5510    0.6974    0.6156       271
      Subito     0.6497    0.5583    0.6005       618
    Telegram     0.8554    0.7320    0.7889        97
      Trello     0.8871    0.6395    0.7432        86
 TripAdvisor     0.3192    0.3119    0.3155       218
      Tumblr     0.6574    0.4226    0.5145       168
     Twitter     0.7356    0.6598    0.6957       194
        Uber     0.0000    0.0000    0.0000        61
       Viber     0.9167    0.0679    0.1264       162
        Waze     0.9670    0.9466    0.9567       712
        Wish     0.6215    0.7268    0.6700       366
     Youtube     0.5959    0.5779    0.5867       199
        eBay     0.6461    0.5180    0.5750       444
     ilMeteo     0.4770    0.4259    0.4500       317

    accuracy                         0.6080     14550
   macro avg     0.6119    0.5506    0.5623     14550
weighted avg     0.6218    0.6080    0.6040     14550
