              precision    recall  f1-score   support

 8 Ball Pool     0.1710    0.5833    0.2645       192
 AccuWeather     0.3990    0.1693    0.2377       898
      Amazon     0.1868    0.4596    0.2657       272
     Booking     0.5506    0.2851    0.3757       477
      Comics     0.3734    0.3611    0.3671       396
     Diretta     0.5442    0.7114    0.6166       537
     Dropbox     0.3060    0.7582    0.4360       182
    Duolingo     0.4802    0.2130    0.2951       399
    Facebook     0.4800    0.2990    0.3685      1244
   Flipboard     0.0000    0.0000    0.0000       776
  FourSquare     0.1690    0.2803    0.2109       346
Google Drive     0.0413    0.4444    0.0756        54
     Groupon     0.0230    0.1031    0.0377        97
    Hangouts     0.0597    0.2718    0.0979       103
   Instagram     0.2441    0.5368    0.3356       136
    Linkedin     0.2913    0.2090    0.2434       177
   Messenger     0.6409    0.5049    0.5649      1216
  Musixmatch     0.5000    0.0747    0.1301       495
    OneDrive     0.3889    0.6000    0.4719       175
 OneFootball     0.0606    0.0084    0.0147       716
   Pinterest     0.0000    0.0000    0.0000       202
   Playstore     0.1299    0.0264    0.0438       759
      Reddit     0.3566    0.4491    0.3975       216
       Skype     0.3736    0.5037    0.4290       270
  Slither.io     0.2403    0.6992    0.3577       133
  SoundCloud     0.1842    0.4556    0.2624       169
     Spotify     0.3062    0.4576    0.3669       271
      Subito     0.5428    0.2670    0.3579       618
    Telegram     0.3274    0.7629    0.4582        97
      Trello     0.1171    0.8605    0.2061        86
 TripAdvisor     0.1673    0.1972    0.1811       218
      Tumblr     0.1790    0.1726    0.1758       168
     Twitter     0.1693    0.4381    0.2443       194
        Uber     0.0000    0.0000    0.0000        61
       Viber     0.0000    0.0000    0.0000       162
        Waze     0.8409    0.9059    0.8722       712
        Wish     0.4310    0.4945    0.4606       366
     Youtube     0.3109    0.7186    0.4340       199
        eBay     0.3673    0.1622    0.2250       444
     ilMeteo     0.3488    0.2366    0.2820       317

    accuracy                         0.3305     14550
   macro avg     0.2826    0.3670    0.2791     14550
weighted avg     0.3624    0.3305    0.3136     14550
