              precision    recall  f1-score   support

 8 Ball Pool     0.0000    0.0000    0.0000       192
 AccuWeather     0.1829    0.5735    0.2773       898
      Amazon     0.2500    0.0074    0.0143       272
     Booking     0.2895    0.4298    0.3460       477
      Comics     0.0000    0.0000    0.0000       396
     Diretta     0.8128    0.3557    0.4948       537
     Dropbox     0.2500    0.0165    0.0309       182
    Duolingo     0.0000    0.0000    0.0000       399
    Facebook     0.3629    0.5129    0.4250      1244
   Flipboard     0.1058    0.2075    0.1401       776
  FourSquare     0.0000    0.0000    0.0000       346
Google Drive     0.0000    0.0000    0.0000        54
     Groupon     0.0000    0.0000    0.0000        97
    Hangouts     0.0000    0.0000    0.0000       103
   Instagram     0.0000    0.0000    0.0000       136
    Linkedin     0.0000    0.0000    0.0000       177
   Messenger     0.5356    0.6924    0.6040      1216
  Musixmatch     0.0000    0.0000    0.0000       495
    OneDrive     0.2011    0.6286    0.3047       175
 OneFootball     0.2045    0.1885    0.1962       716
   Pinterest     0.0000    0.0000    0.0000       202
   Playstore     0.3755    0.5863    0.4578       759
      Reddit     0.0000    0.0000    0.0000       216
       Skype     0.2514    0.3444    0.2906       270
  Slither.io     1.0000    0.6541    0.7909       133
  SoundCloud     0.0000    0.0000    0.0000       169
     Spotify     0.0000    0.0000    0.0000       271
      Subito     0.3937    0.2006    0.2658       618
    Telegram     0.6000    0.0309    0.0588        97
      Trello     0.0000    0.0000    0.0000        86
 TripAdvisor     0.0000    0.0000    0.0000       218
      Tumblr     0.0000    0.0000    0.0000       168
     Twitter     0.0000    0.0000    0.0000       194
        Uber     0.0000    0.0000    0.0000        61
       Viber     0.0000    0.0000    0.0000       162
        Waze     0.6018    0.9256    0.7294       712
        Wish     0.1641    0.6421    0.2614       366
     Youtube     0.7273    0.2412    0.3623       199
        eBay     0.3169    0.1014    0.1536       444
     ilMeteo     0.0000    0.0000    0.0000       317

    accuracy                         0.3121     14550
   macro avg     0.1906    0.1835    0.1551     14550
weighted avg     0.2598    0.3121    0.2551     14550
