              precision    recall  f1-score   support

 8 Ball Pool     0.0000    0.0000    0.0000       192
 AccuWeather     0.2148    0.4822    0.2972       898
      Amazon     0.1280    0.5074    0.2044       272
     Booking     0.2165    0.4193    0.2855       477
      Comics     0.2579    0.1641    0.2006       396
     Diretta     0.7522    0.4749    0.5822       537
     Dropbox     0.9888    0.4835    0.6494       182
    Duolingo     0.0000    0.0000    0.0000       399
    Facebook     0.3229    0.5402    0.4042      1244
   Flipboard     0.1296    0.1997    0.1572       776
  FourSquare     0.5000    0.0173    0.0335       346
Google Drive     0.0000    0.0000    0.0000        54
     Groupon     0.0000    0.0000    0.0000        97
    Hangouts     0.0000    0.0000    0.0000       103
   Instagram     0.0000    0.0000    0.0000       136
    Linkedin     0.0000    0.0000    0.0000       177
   Messenger     0.5424    0.5732    0.5574      1216
  Musixmatch     0.0189    0.0020    0.0036       495
    OneDrive     0.0000    0.0000    0.0000       175
 OneFootball     0.1494    0.2514    0.1874       716
   Pinterest     0.0000    0.0000    0.0000       202
   Playstore     0.4329    0.6074    0.5055       759
      Reddit     0.0000    0.0000    0.0000       216
       Skype     0.2979    0.5185    0.3784       270
  Slither.io     0.9043    0.6391    0.7489       133
  SoundCloud     0.0000    0.0000    0.0000       169
     Spotify     0.0204    0.0037    0.0063       271
      Subito     0.2690    0.2864    0.2774       618
    Telegram     0.5000    0.0103    0.0202        97
      Trello     0.5059    0.5000    0.5029        86
 TripAdvisor     0.0000    0.0000    0.0000       218
      Tumblr     0.0000    0.0000    0.0000       168
     Twitter     0.0000    0.0000    0.0000       194
        Uber     0.0000    0.0000    0.0000        61
       Viber     0.0000    0.0000    0.0000       162
        Waze     0.7782    0.9213    0.8437       712
        Wish     0.3422    0.4945    0.4045       366
     Youtube     0.5000    0.0151    0.0293       199
        eBay     0.2958    0.1419    0.1918       444
     ilMeteo     0.0000    0.0000    0.0000       317

    accuracy                         0.3231     14550
   macro avg     0.2267    0.2063    0.1868     14550
weighted avg     0.2867    0.3231    0.2792     14550
