              precision    recall  f1-score   support

 8 Ball Pool     0.4955    0.5781    0.5337       192
 AccuWeather     0.5709    0.4755    0.5188       898
      Amazon     0.5934    0.6654    0.6274       272
     Booking     0.7597    0.5765    0.6555       477
      Comics     0.7081    0.6616    0.6841       396
     Diretta     0.8258    0.8212    0.8235       537
     Dropbox     0.9444    0.7473    0.8344       182
    Duolingo     0.6126    0.6341    0.6232       399
    Facebook     0.6270    0.6487    0.6377      1244
   Flipboard     0.2843    0.2668    0.2753       776
  FourSquare     0.4514    0.5231    0.4846       346
Google Drive     0.3256    0.2593    0.2887        54
     Groupon     0.4154    0.2784    0.3333        97
    Hangouts     0.2338    0.3495    0.2802       103
   Instagram     0.6833    0.6029    0.6406       136
    Linkedin     0.6752    0.4463    0.5374       177
   Messenger     0.6901    0.7985    0.7404      1216
  Musixmatch     0.3309    0.3636    0.3465       495
    OneDrive     0.7376    0.5943    0.6582       175
 OneFootball     0.4939    0.6173    0.5487       716
   Pinterest     0.4286    0.1634    0.2366       202
   Playstore     0.6779    0.8511    0.7547       759
      Reddit     0.6667    0.4907    0.5653       216
       Skype     0.4647    0.8296    0.5957       270
  Slither.io     0.8696    0.7519    0.8065       133
  SoundCloud     0.5482    0.5385    0.5433       169
     Spotify     0.5813    0.6199    0.6000       271
      Subito     0.7205    0.5340    0.6134       618
    Telegram     0.8144    0.8144    0.8144        97
      Trello     0.7966    0.5465    0.6483        86
 TripAdvisor     0.2687    0.1972    0.2275       218
      Tumblr     0.4011    0.4226    0.4116       168
     Twitter     0.5281    0.6289    0.5741       194
        Uber     0.3333    0.0164    0.0312        61
       Viber     0.2874    0.1543    0.2008       162
        Waze     0.9766    0.9368    0.9563       712
        Wish     0.6171    0.7705    0.6853       366
     Youtube     0.5019    0.6482    0.5658       199
        eBay     0.6430    0.6126    0.6275       444
     ilMeteo     0.4884    0.3312    0.3947       317

    accuracy                         0.6019     14550
   macro avg     0.5768    0.5442    0.5481     14550
weighted avg     0.6044    0.6019    0.5959     14550
