              precision    recall  f1-score   support

 8 Ball Pool     0.3033    0.3854    0.3394       192
 AccuWeather     0.3098    0.4243    0.3581       898
      Amazon     0.1684    0.2316    0.1950       272
     Booking     0.3125    0.3878    0.3461       477
      Comics     0.3572    0.6035    0.4488       396
     Diretta     0.6284    0.7244    0.6730       537
     Dropbox     0.5818    0.5275    0.5533       182
    Duolingo     0.5470    0.1604    0.2481       399
    Facebook     0.3687    0.5498    0.4414      1244
   Flipboard     0.1094    0.1443    0.1244       776
  FourSquare     0.2959    0.0838    0.1306       346
Google Drive     0.0000    0.0000    0.0000        54
     Groupon     0.0000    0.0000    0.0000        97
    Hangouts     0.0000    0.0000    0.0000       103
   Instagram     0.8298    0.2868    0.4262       136
    Linkedin     0.0000    0.0000    0.0000       177
   Messenger     0.5172    0.6571    0.5788      1216
  Musixmatch     0.4043    0.1152    0.1792       495
    OneDrive     0.4265    0.4971    0.4591       175
 OneFootball     0.1212    0.1285    0.1247       716
   Pinterest     0.0000    0.0000    0.0000       202
   Playstore     0.3706    0.7602    0.4983       759
      Reddit     0.3803    0.2500    0.3017       216
       Skype     0.3474    0.3963    0.3702       270
  Slither.io     0.9467    0.5338    0.6827       133
  SoundCloud     0.0000    0.0000    0.0000       169
     Spotify     0.3246    0.2288    0.2684       271
      Subito     0.3767    0.4078    0.3916       618
    Telegram     0.2500    0.0722    0.1120        97
      Trello     0.5077    0.3837    0.4371        86
 TripAdvisor     0.0000    0.0000    0.0000       218
      Tumblr     0.0000    0.0000    0.0000       168
     Twitter     0.0000    0.0000    0.0000       194
        Uber     0.0000    0.0000    0.0000        61
       Viber     0.0000    0.0000    0.0000       162
        Waze     0.8052    0.9115    0.8551       712
        Wish     0.4366    0.5082    0.4697       366
     Youtube     0.3194    0.1156    0.1697       199
        eBay     0.3955    0.3964    0.3960       444
     ilMeteo     0.4699    0.1230    0.1950       317

    accuracy                         0.3867     14550
   macro avg     0.3053    0.2749    0.2693     14550
weighted avg     0.3558    0.3867    0.3508     14550
