              precision    recall  f1-score   support

 8 Ball Pool     0.4683    0.6927    0.5588       192
 AccuWeather     0.4493    0.5969    0.5127       898
      Amazon     0.6259    0.6397    0.6327       272
     Booking     0.5599    0.4801    0.5169       477
      Comics     0.7099    0.7045    0.7072       396
     Diretta     0.6166    0.8026    0.6974       537
     Dropbox     0.7609    0.7692    0.7650       182
    Duolingo     0.5820    0.6491    0.6137       399
    Facebook     0.6055    0.6736    0.6377      1244
   Flipboard     0.2560    0.1920    0.2194       776
  FourSquare     0.3845    0.5434    0.4503       346
Google Drive     0.4194    0.2407    0.3059        54
     Groupon     0.4833    0.2990    0.3694        97
    Hangouts     0.4648    0.3204    0.3793       103
   Instagram     0.6893    0.5221    0.5941       136
    Linkedin     0.7703    0.3220    0.4542       177
   Messenger     0.7686    0.7566    0.7625      1216
  Musixmatch     0.4405    0.5758    0.4991       495
    OneDrive     0.7945    0.6629    0.7227       175
 OneFootball     0.5798    0.5377    0.5580       716
   Pinterest     0.4118    0.1386    0.2074       202
   Playstore     0.7036    0.7694    0.7351       759
      Reddit     0.5424    0.4444    0.4885       216
       Skype     0.6844    0.7630    0.7215       270
  Slither.io     0.8491    0.6767    0.7531       133
  SoundCloud     0.6091    0.3964    0.4803       169
     Spotify     0.5608    0.6125    0.5855       271
      Subito     0.5554    0.5518    0.5536       618
    Telegram     0.8295    0.7526    0.7892        97
      Trello     0.8088    0.6395    0.7143        86
 TripAdvisor     0.3268    0.2294    0.2695       218
      Tumblr     0.5067    0.4524    0.4780       168
     Twitter     0.7200    0.4639    0.5643       194
        Uber     1.0000    0.0164    0.0323        61
       Viber     0.6154    0.0494    0.0914       162
        Waze     0.9210    0.9494    0.9350       712
        Wish     0.5609    0.7295    0.6342       366
     Youtube     0.4794    0.7588    0.5875       199
        eBay     0.6613    0.6464    0.6538       444
     ilMeteo     0.5823    0.2902    0.3874       317

    accuracy                         0.5958     14550
   macro avg     0.6089    0.5328    0.5405     14550
weighted avg     0.5996    0.5958    0.5849     14550
