              precision    recall  f1-score   support

 8 Ball Pool     0.5728    0.6354    0.6025       192
 AccuWeather     0.6241    0.6637    0.6433       898
      Amazon     0.7500    0.6949    0.7214       272
     Booking     0.6052    0.6394    0.6218       477
      Comics     0.6815    0.7727    0.7243       396
     Diretta     0.8893    0.8380    0.8629       537
     Dropbox     0.9000    0.8407    0.8693       182
    Duolingo     0.7022    0.7268    0.7143       399
    Facebook     0.7351    0.6423    0.6855      1244
   Flipboard     0.3371    0.3080    0.3219       776
  FourSquare     0.5823    0.5318    0.5559       346
Google Drive     0.4762    0.3704    0.4167        54
     Groupon     0.6111    0.3402    0.4371        97
    Hangouts     0.4627    0.3010    0.3647       103
   Instagram     0.7632    0.6397    0.6960       136
    Linkedin     0.5878    0.4915    0.5354       177
   Messenger     0.7556    0.8339    0.7928      1216
  Musixmatch     0.6054    0.5859    0.5955       495
    OneDrive     0.7640    0.7771    0.7705       175
 OneFootball     0.6055    0.6131    0.6093       716
   Pinterest     0.5000    0.1931    0.2786       202
   Playstore     0.7360    0.8854    0.8038       759
      Reddit     0.6882    0.5417    0.6062       216
       Skype     0.8608    0.7556    0.8047       270
  Slither.io     0.5568    0.7744    0.6478       133
  SoundCloud     0.3077    0.6391    0.4154       169
     Spotify     0.5679    0.7565    0.6487       271
      Subito     0.6984    0.6181    0.6558       618
    Telegram     0.8172    0.7835    0.8000        97
      Trello     0.8267    0.7209    0.7702        86
 TripAdvisor     0.3305    0.3578    0.3436       218
      Tumblr     0.6200    0.5536    0.5849       168
     Twitter     0.7398    0.7474    0.7436       194
        Uber     0.5882    0.1639    0.2564        61
       Viber     0.6333    0.2346    0.3423       162
        Waze     0.9718    0.9677    0.9697       712
        Wish     0.6242    0.7896    0.6972       366
     Youtube     0.5538    0.5427    0.5482       199
        eBay     0.5838    0.7140    0.6424       444
     ilMeteo     0.5847    0.4574    0.5133       317

    accuracy                         0.6632     14550
   macro avg     0.6450    0.6111    0.6153     14550
weighted avg     0.6663    0.6632    0.6586     14550
