              precision    recall  f1-score   support

 8 Ball Pool     0.5207    0.6562    0.5806       192
 AccuWeather     0.6144    0.6938    0.6517       898
      Amazon     0.6741    0.7757    0.7214       272
     Booking     0.4231    0.6520    0.5132       477
      Comics     0.5866    0.8207    0.6842       396
     Diretta     0.8968    0.7933    0.8419       537
     Dropbox     0.9189    0.7473    0.8242       182
    Duolingo     0.7214    0.7268    0.7241       399
    Facebook     0.6232    0.7259    0.6706      1244
   Flipboard     0.3603    0.3273    0.3430       776
  FourSquare     0.5670    0.4769    0.5181       346
Google Drive     0.5778    0.4815    0.5253        54
     Groupon     0.4231    0.3402    0.3771        97
    Hangouts     0.6420    0.5049    0.5652       103
   Instagram     0.6833    0.6029    0.6406       136
    Linkedin     0.8022    0.4124    0.5448       177
   Messenger     0.7326    0.7640    0.7480      1216
  Musixmatch     0.6563    0.5131    0.5760       495
    OneDrive     0.7225    0.8629    0.7865       175
 OneFootball     0.5844    0.5950    0.5896       716
   Pinterest     0.3354    0.2673    0.2975       202
   Playstore     0.8197    0.7905    0.8048       759
      Reddit     0.6728    0.5046    0.5767       216
       Skype     0.8729    0.7630    0.8142       270
  Slither.io     0.6169    0.7143    0.6620       133
  SoundCloud     0.6667    0.5680    0.6134       169
     Spotify     0.6641    0.6347    0.6491       271
      Subito     0.6114    0.5906    0.6008       618
    Telegram     0.7255    0.7629    0.7437        97
      Trello     0.8028    0.6628    0.7261        86
 TripAdvisor     0.5094    0.3716    0.4297       218
      Tumblr     0.7368    0.4167    0.5323       168
     Twitter     0.7259    0.7371    0.7315       194
        Uber     0.3333    0.0328    0.0597        61
       Viber     0.4821    0.1667    0.2477       162
        Waze     0.9646    0.9579    0.9612       712
        Wish     0.6212    0.7350    0.6733       366
     Youtube     0.5760    0.7236    0.6414       199
        eBay     0.6898    0.7162    0.7028       444
     ilMeteo     0.5129    0.3754    0.4335       317

    accuracy                         0.6515     14550
   macro avg     0.6418    0.5991    0.6082     14550
weighted avg     0.6547    0.6515    0.6465     14550
