              precision    recall  f1-score   support

 8 Ball Pool     0.1781    0.6771    0.2820       192
 AccuWeather     0.4807    0.2628    0.3398       898
      Amazon     0.2505    0.4963    0.3329       272
     Booking     0.6599    0.2034    0.3109       477
      Comics     0.2581    0.3005    0.2777       396
     Diretta     0.8031    0.6685    0.7297       537
     Dropbox     0.2528    0.7418    0.3771       182
    Duolingo     0.2597    0.3183    0.2860       399
    Facebook     0.5025    0.2444    0.3288      1244
   Flipboard     0.5217    0.0309    0.0584       776
  FourSquare     0.1392    0.2225    0.1713       346
Google Drive     0.0431    0.6667    0.0809        54
     Groupon     0.1310    0.3402    0.1891        97
    Hangouts     0.1768    0.3398    0.2326       103
   Instagram     0.0752    0.3897    0.1260       136
    Linkedin     0.3355    0.2881    0.3100       177
   Messenger     0.5905    0.5123    0.5487      1216
  Musixmatch     0.2222    0.0283    0.0502       495
    OneDrive     0.3891    0.6514    0.4872       175
 OneFootball     0.0000    0.0000    0.0000       716
   Pinterest     0.0755    0.0198    0.0314       202
   Playstore     0.5513    0.1700    0.2598       759
      Reddit     0.1978    0.2546    0.2227       216
       Skype     0.4868    0.5444    0.5140       270
  Slither.io     0.2802    0.7143    0.4025       133
  SoundCloud     0.1402    0.3609    0.2020       169
     Spotify     0.3908    0.5351    0.4517       271
      Subito     0.4595    0.2751    0.3441       618
    Telegram     0.3625    0.5979    0.4514        97
      Trello     0.1812    0.5814    0.2762        86
 TripAdvisor     0.1524    0.1147    0.1309       218
      Tumblr     0.5217    0.1429    0.2243       168
     Twitter     0.1026    0.3196    0.1554       194
        Uber     0.0286    0.0164    0.0208        61
       Viber     0.0647    0.0802    0.0716       162
        Waze     0.8086    0.8961    0.8501       712
        Wish     0.4111    0.5055    0.4534       366
     Youtube     0.3333    0.7286    0.4574       199
        eBay     0.3542    0.1532    0.2138       444
     ilMeteo     0.3287    0.2240    0.2664       317

    accuracy                         0.3332     14550
   macro avg     0.3125    0.3654    0.2880     14550
weighted avg     0.4072    0.3332    0.3247     14550
