              precision    recall  f1-score   support

 8 Ball Pool     0.2234    0.4375    0.2958       192
 AccuWeather     0.2953    0.3229    0.3085       898
      Amazon     0.3387    0.2316    0.2751       272
     Booking     0.4062    0.4675    0.4347       477
      Comics     0.3441    0.3485    0.3463       396
     Diretta     0.6512    0.7300    0.6883       537
     Dropbox     0.6194    0.5275    0.5697       182
    Duolingo     0.3255    0.3835    0.3521       399
    Facebook     0.3927    0.5764    0.4671      1244
   Flipboard     0.1121    0.0657    0.0829       776
  FourSquare     0.3144    0.2081    0.2504       346
Google Drive     0.0000    0.0000    0.0000        54
     Groupon     0.0000    0.0000    0.0000        97
    Hangouts     0.0000    0.0000    0.0000       103
   Instagram     0.3750    0.1765    0.2400       136
    Linkedin     0.0000    0.0000    0.0000       177
   Messenger     0.6118    0.6480    0.6294      1216
  Musixmatch     0.3917    0.1717    0.2388       495
    OneDrive     0.5794    0.4171    0.4850       175
 OneFootball     0.1700    0.1411    0.1542       716
   Pinterest     0.0000    0.0000    0.0000       202
   Playstore     0.2844    0.6285    0.3916       759
      Reddit     0.3141    0.2778    0.2948       216
       Skype     0.4808    0.5111    0.4955       270
  Slither.io     0.9551    0.6391    0.7658       133
  SoundCloud     0.2500    0.0414    0.0711       169
     Spotify     0.3605    0.5720    0.4422       271
      Subito     0.2988    0.4806    0.3685       618
    Telegram     0.5682    0.2577    0.3546        97
      Trello     0.7115    0.4302    0.5362        86
 TripAdvisor     0.0000    0.0000    0.0000       218
      Tumblr     0.0000    0.0000    0.0000       168
     Twitter     0.1310    0.0567    0.0791       194
        Uber     0.0000    0.0000    0.0000        61
       Viber     0.0000    0.0000    0.0000       162
        Waze     0.7286    0.9087    0.8087       712
        Wish     0.4203    0.4754    0.4462       366
     Youtube     0.3696    0.3417    0.3551       199
        eBay     0.3478    0.4527    0.3933       444
     ilMeteo     0.7701    0.2114    0.3317       317

    accuracy                         0.3986     14550
   macro avg     0.3285    0.3035    0.2988     14550
weighted avg     0.3691    0.3986    0.3678     14550
