              precision    recall  f1-score   support

 8 Ball Pool     0.3233    0.5052    0.3943       192
 AccuWeather     0.4249    0.5323    0.4726       898
      Amazon     0.4578    0.6985    0.5531       272
     Booking     0.5214    0.4591    0.4883       477
      Comics     0.5261    0.7121    0.6052       396
     Diretta     0.7606    0.7337    0.7469       537
     Dropbox     0.7468    0.6484    0.6941       182
    Duolingo     0.5798    0.6190    0.5988       399
    Facebook     0.5044    0.6463    0.5666      1244
   Flipboard     0.1614    0.2977    0.2093       776
  FourSquare     0.4240    0.2659    0.3268       346
Google Drive     0.6667    0.0741    0.1333        54
     Groupon     0.6250    0.1031    0.1770        97
    Hangouts     0.4211    0.0777    0.1311       103
   Instagram     0.6289    0.4485    0.5236       136
    Linkedin     0.7045    0.1751    0.2805       177
   Messenger     0.7781    0.6316    0.6972      1216
  Musixmatch     0.4108    0.3677    0.3881       495
    OneDrive     0.7361    0.6057    0.6646       175
 OneFootball     0.3906    0.5684    0.4630       716
   Pinterest     0.7778    0.0347    0.0664       202
   Playstore     0.6505    0.7773    0.7083       759
      Reddit     0.5204    0.4722    0.4951       216
       Skype     0.7415    0.6481    0.6917       270
  Slither.io     0.9670    0.6617    0.7857       133
  SoundCloud     0.5391    0.3669    0.4366       169
     Spotify     0.6008    0.5498    0.5742       271
      Subito     0.5588    0.5000    0.5278       618
    Telegram     0.8158    0.6392    0.7168        97
      Trello     0.7368    0.6512    0.6914        86
 TripAdvisor     0.2000    0.0138    0.0258       218
      Tumblr     0.4839    0.1786    0.2609       168
     Twitter     0.3974    0.3196    0.3543       194
        Uber     0.0000    0.0000    0.0000        61
       Viber     1.0000    0.0247    0.0482       162
        Waze     0.9296    0.9452    0.9373       712
        Wish     0.4914    0.5437    0.5162       366
     Youtube     0.5556    0.5025    0.5277       199
        eBay     0.6100    0.4685    0.5299       444
     ilMeteo     0.4312    0.2965    0.3514       317

    accuracy                         0.5293     14550
   macro avg     0.5700    0.4441    0.4590     14550
weighted avg     0.5613    0.5293    0.5212     14550
