              precision    recall  f1-score   support

 8 Ball Pool     0.3037    0.3021    0.3029       192
 AccuWeather     0.2978    0.4109    0.3453       898
      Amazon     0.3621    0.4007    0.3805       272
     Booking     0.5886    0.4528    0.5118       477
      Comics     0.2783    0.3662    0.3162       396
     Diretta     0.6846    0.7356    0.7092       537
     Dropbox     0.6488    0.5989    0.6229       182
    Duolingo     0.2552    0.3358    0.2900       399
    Facebook     0.4441    0.5812    0.5035      1244
   Flipboard     0.1381    0.1482    0.1429       776
  FourSquare     0.3154    0.1185    0.1723       346
Google Drive     0.0000    0.0000    0.0000        54
     Groupon     0.0000    0.0000    0.0000        97
    Hangouts     0.0000    0.0000    0.0000       103
   Instagram     0.6250    0.0735    0.1316       136
    Linkedin     0.5000    0.0169    0.0328       177
   Messenger     0.5970    0.6809    0.6362      1216
  Musixmatch     0.3808    0.2000    0.2623       495
    OneDrive     0.7500    0.4114    0.5314       175
 OneFootball     0.1800    0.2318    0.2027       716
   Pinterest     0.0000    0.0000    0.0000       202
   Playstore     0.3389    0.7233    0.4615       759
      Reddit     0.3406    0.4352    0.3821       216
       Skype     0.5057    0.4963    0.5009       270
  Slither.io     0.9121    0.6241    0.7411       133
  SoundCloud     0.0000    0.0000    0.0000       169
     Spotify     0.3850    0.5314    0.4465       271
      Subito     0.4284    0.4693    0.4479       618
    Telegram     0.7143    0.3093    0.4317        97
      Trello     1.0000    0.0116    0.0230        86
 TripAdvisor     0.3636    0.0183    0.0349       218
      Tumblr     0.0000    0.0000    0.0000       168
     Twitter     0.3750    0.0309    0.0571       194
        Uber     0.0000    0.0000    0.0000        61
       Viber     0.0000    0.0000    0.0000       162
        Waze     0.8301    0.9129    0.8696       712
        Wish     0.4131    0.5000    0.4524       366
     Youtube     0.3786    0.1960    0.2583       199
        eBay     0.2871    0.3446    0.3132       444
     ilMeteo     0.3211    0.1104    0.1643       317

    accuracy                         0.4115     14550
   macro avg     0.3736    0.2945    0.2920     14550
weighted avg     0.4008    0.4115    0.3826     14550
