              precision    recall  f1-score   support

 8 Ball Pool     0.0000    0.0000    0.0000       192
 AccuWeather     0.2234    0.5022    0.3092       898
      Amazon     0.2367    0.1801    0.2046       272
     Booking     0.3096    0.4277    0.3592       477
      Comics     0.3165    0.0631    0.1053       396
     Diretta     0.7128    0.5270    0.6060       537
     Dropbox     1.0000    0.5165    0.6812       182
    Duolingo     0.0000    0.0000    0.0000       399
    Facebook     0.3881    0.5659    0.4604      1244
   Flipboard     0.1046    0.1508    0.1235       776
  FourSquare     0.2821    0.0318    0.0571       346
Google Drive     0.0000    0.0000    0.0000        54
     Groupon     0.0000    0.0000    0.0000        97
    Hangouts     0.0000    0.0000    0.0000       103
   Instagram     0.3684    0.0515    0.0903       136
    Linkedin     0.0000    0.0000    0.0000       177
   Messenger     0.5693    0.5880    0.5785      1216
  Musixmatch     0.2341    0.2384    0.2362       495
    OneDrive     0.3042    0.5771    0.3984       175
 OneFootball     0.2189    0.3687    0.2747       716
   Pinterest     0.0000    0.0000    0.0000       202
   Playstore     0.4622    0.5955    0.5204       759
      Reddit     0.0000    0.0000    0.0000       216
       Skype     0.3800    0.1407    0.2054       270
  Slither.io     0.9560    0.6541    0.7768       133
  SoundCloud     0.0000    0.0000    0.0000       169
     Spotify     0.3065    0.1402    0.1924       271
      Subito     0.2150    0.3333    0.2614       618
    Telegram     0.6667    0.0206    0.0400        97
      Trello     0.0000    0.0000    0.0000        86
 TripAdvisor     0.0000    0.0000    0.0000       218
      Tumblr     0.0000    0.0000    0.0000       168
     Twitter     0.0000    0.0000    0.0000       194
        Uber     0.0000    0.0000    0.0000        61
       Viber     0.0000    0.0000    0.0000       162
        Waze     0.8768    0.8792    0.8780       712
        Wish     0.1927    0.5792    0.2892       366
     Youtube     0.2093    0.0452    0.0744       199
        eBay     0.2006    0.2860    0.2358       444
     ilMeteo     0.3265    0.0505    0.0874       317

    accuracy                         0.3406     14550
   macro avg     0.2515    0.2128    0.2011     14550
weighted avg     0.3177    0.3406    0.3047     14550
