              precision    recall  f1-score   support

 8 Ball Pool     0.0000    0.0000    0.0000       192
 AccuWeather     0.1941    0.5535    0.2874       898
      Amazon     0.0909    0.0037    0.0071       272
     Booking     0.6429    0.0189    0.0367       477
      Comics     0.0000    0.0000    0.0000       396
     Diretta     0.7023    0.1713    0.2754       537
     Dropbox     0.0000    0.0000    0.0000       182
    Duolingo     0.0000    0.0000    0.0000       399
    Facebook     0.2464    0.5177    0.3339      1244
   Flipboard     0.0982    0.1662    0.1234       776
  FourSquare     0.0000    0.0000    0.0000       346
Google Drive     0.0000    0.0000    0.0000        54
     Groupon     0.0000    0.0000    0.0000        97
    Hangouts     0.0000    0.0000    0.0000       103
   Instagram     0.0000    0.0000    0.0000       136
    Linkedin     0.0000    0.0000    0.0000       177
   Messenger     0.5240    0.6373    0.5751      1216
  Musixmatch     0.0088    0.0020    0.0033       495
    OneDrive     0.2349    0.5771    0.3339       175
 OneFootball     0.1642    0.1411    0.1518       716
   Pinterest     0.0000    0.0000    0.0000       202
   Playstore     0.3116    0.4598    0.3715       759
      Reddit     0.0000    0.0000    0.0000       216
       Skype     0.3750    0.0778    0.1288       270
  Slither.io     1.0000    0.6541    0.7909       133
  SoundCloud     0.0000    0.0000    0.0000       169
     Spotify     0.0000    0.0000    0.0000       271
      Subito     0.3379    0.2783    0.3052       618
    Telegram     0.0000    0.0000    0.0000        97
      Trello     0.0000    0.0000    0.0000        86
 TripAdvisor     0.0000    0.0000    0.0000       218
      Tumblr     0.0000    0.0000    0.0000       168
     Twitter     0.0000    0.0000    0.0000       194
        Uber     0.0000    0.0000    0.0000        61
       Viber     0.0000    0.0000    0.0000       162
        Waze     0.7172    0.9228    0.8071       712
        Wish     0.1221    0.6284    0.2045       366
     Youtube     0.0000    0.0000    0.0000       199
        eBay     0.2010    0.2748    0.2322       444
     ilMeteo     0.0000    0.0000    0.0000       317

    accuracy                         0.2741     14550
   macro avg     0.1493    0.1521    0.1242     14550
weighted avg     0.2330    0.2741    0.2177     14550
