              precision    recall  f1-score   support

 8 Ball Pool     0.4580    0.5677    0.5070       192
 AccuWeather     0.4953    0.5857    0.5367       898
      Amazon     0.5419    0.6654    0.5974       272
     Booking     0.7384    0.5325    0.6188       477
      Comics     0.5957    0.6995    0.6434       396
     Diretta     0.9042    0.8082    0.8535       537
     Dropbox     0.8222    0.8132    0.8177       182
    Duolingo     0.5746    0.7043    0.6329       399
    Facebook     0.6491    0.6318    0.6403      1244
   Flipboard     0.2612    0.2474    0.2541       776
  FourSquare     0.4777    0.4653    0.4714       346
Google Drive     0.2778    0.2778    0.2778        54
     Groupon     0.4717    0.2577    0.3333        97
    Hangouts     0.4425    0.4854    0.4630       103
   Instagram     0.7701    0.4926    0.6009       136
    Linkedin     0.6535    0.3729    0.4748       177
   Messenger     0.7506    0.7599    0.7552      1216
  Musixmatch     0.3278    0.5980    0.4235       495
    OneDrive     0.8333    0.5714    0.6780       175
 OneFootball     0.4467    0.5503    0.4931       716
   Pinterest     0.4382    0.1931    0.2680       202
   Playstore     0.7640    0.7721    0.7680       759
      Reddit     0.4788    0.5231    0.5000       216
       Skype     0.6236    0.8222    0.7093       270
  Slither.io     0.9255    0.6541    0.7665       133
  SoundCloud     0.6981    0.4379    0.5382       169
     Spotify     0.5640    0.6827    0.6177       271
      Subito     0.6003    0.5663    0.5828       618
    Telegram     0.7647    0.8041    0.7839        97
      Trello     0.7465    0.6163    0.6752        86
 TripAdvisor     0.3732    0.2431    0.2944       218
      Tumblr     0.6338    0.2679    0.3766       168
     Twitter     0.4433    0.6649    0.5320       194
        Uber     0.0000    0.0000    0.0000        61
       Viber     0.5116    0.1358    0.2146       162
        Waze     0.9543    0.9382    0.9462       712
        Wish     0.5778    0.7104    0.6373       366
     Youtube     0.6744    0.4372    0.5305       199
        eBay     0.6237    0.5563    0.5881       444
     ilMeteo     0.6045    0.3375    0.4332       317

    accuracy                         0.5973     14550
   macro avg     0.5873    0.5363    0.5459     14550
weighted avg     0.6096    0.5973    0.5936     14550
