              precision    recall  f1-score   support

 8 Ball Pool     0.5263    0.5729    0.5486       192
 AccuWeather     0.5348    0.5902    0.5611       898
      Amazon     0.5440    0.7721    0.6383       272
     Booking     0.7622    0.5577    0.6441       477
      Comics     0.5987    0.7197    0.6537       396
     Diretta     0.9393    0.8063    0.8677       537
     Dropbox     0.7989    0.8297    0.8140       182
    Duolingo     0.5124    0.7769    0.6175       399
    Facebook     0.6558    0.6463    0.6510      1244
   Flipboard     0.2279    0.2397    0.2337       776
  FourSquare     0.4950    0.4277    0.4589       346
Google Drive     0.3200    0.1481    0.2025        54
     Groupon     0.7812    0.2577    0.3876        97
    Hangouts     0.7111    0.3107    0.4324       103
   Instagram     0.7292    0.5147    0.6034       136
    Linkedin     0.7283    0.3785    0.4981       177
   Messenger     0.7819    0.7903    0.7861      1216
  Musixmatch     0.5939    0.4727    0.5264       495
    OneDrive     0.7294    0.7086    0.7188       175
 OneFootball     0.5899    0.5223    0.5541       716
   Pinterest     0.3826    0.2178    0.2776       202
   Playstore     0.6764    0.8814    0.7654       759
      Reddit     0.6213    0.4861    0.5455       216
       Skype     0.7310    0.7852    0.7571       270
  Slither.io     0.7903    0.7368    0.7626       133
  SoundCloud     0.4845    0.5562    0.5179       169
     Spotify     0.5747    0.6531    0.6114       271
      Subito     0.5883    0.5874    0.5879       618
    Telegram     0.7290    0.8041    0.7647        97
      Trello     0.6392    0.7209    0.6776        86
 TripAdvisor     0.3874    0.3394    0.3619       218
      Tumblr     0.4221    0.6131    0.5000       168
     Twitter     0.5364    0.7216    0.6154       194
        Uber     0.3333    0.0656    0.1096        61
       Viber     0.7097    0.1358    0.2280       162
        Waze     0.9724    0.9396    0.9557       712
        Wish     0.6163    0.7240    0.6658       366
     Youtube     0.5941    0.6030    0.5985       199
        eBay     0.5127    0.6802    0.5847       444
     ilMeteo     0.5536    0.2934    0.3835       317

    accuracy                         0.6201     14550
   macro avg     0.6104    0.5647    0.5667     14550
weighted avg     0.6272    0.6201    0.6132     14550
